4568886
4602234
4750401
4825916
5072151
5130767
5140615
5264919
5457875
5464184
5607868
5618923
5636868
5682047
5816831
5882851
5903033
5938724
5974448
6061360
6129259
6147876
6184617
6260056
6312718
6489443
6536045
6821587
6853072
6970750
7021047
7250349
7429391
7463160
7613884
7647170
7756409
7813822
7893763
7929162
7959048
7973619
8018355
8028700
8101585
8205113
8364844
8372918
8388686
8418632
8424390
8452775
8494253
8585994
8635342
8650472
8665988
8713948
8751992
8818431
8989600
9042354
9184511
9185444
12571918
12653894
12732839
12759285
12817606
12820691
12997170
13051450
13074045
13088135
13098357
13215950
13268176
13339399
13366420
13414581
13611150
13663341
13666505
13712501
13739742
13795084
13860187
13904330
13999787
14109979
14125555
14151221
14315470
14325570
14401144
14439356
14470781
14481899
14496215
14614214
14627870
14630767
14759698
14806363
14844118
14861338
15088167
15235998
15389015
15531084
15556591
15590727
15634512
15638275
15890401
15938363
15946604
16018405
16056412
16107086
16490115
16497083
16793238
16900501
16966654
17340497
17347396
17354251
17355765
17507001
17595224
17751072
17770609
17931230
17933627
17976230
18042552
18062664
18085538
18109559
18158260
18163924
18320419
18326389
18371232
18396622
18475605
18508749
18531406
18559991
18658876
18692934
18771810
18795089
18896207
18934346
18941182
19018560
19213134
19322412
19329590
19460321
19510885
19550482
19601360
19692809
19724649
19926367
20044164
20208598
20452860
20609459
20663369
20807122
20867199
20871104
20904216
20950954
21165986
21287770
21364635
21385590
21389649
21430778
21485426
21489045
21546571
21658779
21737706
21749154
21781716
21803623
21857262
22028353
22127835
22183284
22378842
22410431
22456332
22517477
22659920
22792656
22822878
22877611
23113016
23116912
23130726
23263970
23277630
23325112
23340072
23427091
23429431
23459917
23549717
23745614
23800994
23904745
23905885
24012099
24109109
24214503
24233946
24276716
24411581
24473697
24479857
24578177
24683690
24716658
24815643
25199455
25339799
25386436
25652394
25728276
26004312
26136262
26214051
26237139
26484036
26495054
26549136
26557967
26616831
27008949
27300920
27306455
27717297
27780798
27984530
28042803
28094363
28360064
28469736
28583657
28699359
28800631
28842194
29117304
29240137
29404935
29542688
29551048
29561965
29564387
29747325
30129277
30265267
30373947
30378301
30436210
30486224
30619795
30779932
30868474
30928548
31225956
31404364
31598210
31605831
31696711
31706507
31866194
31868685
31950326
31991955
32014031
32032598
32199410
32360370
32424345
32488726
32504283
32624097
32626701
32650857
32656471
32676210
32910098
32927647
32927901
32975028
33047417
33126507
33140129
33162600
33181764
33243719
33273989
33303708
33503944
33504930
33555290
33974677
34096275
34176154
34362155
34385088
34408789
34570317
34636629
35137974
35531144
35576764
35582962
35893087
36118861
36175743
36218160
36249532
36283201
36319948
36621836
36658266
36685765
36776667
36887040
36945675
37204608
37268034
37277122
37328330
37358417
37475407
37486619
37491297
37495554
37502220
37510125
37635550
37665238
37737369
37792054
37805978
38230193
38302815
38599035
38600424
38842703
38869266
38935192
39171883
39317009
39415699
39511401
39845327
39909478
40000858
40060259
40224784
40259936
40351281
40508831
40536484
40563841
40569087
40752094
40756188
40760916
40761356
40764931
40829777
40877953
41094572
41289049
41505951
42459798
42817032
42868859
43078522
43100133
43103055
43764156
43988026
44348288
