4568886
4602234
4750401
4825916
5027587
5130767
5313560
5472280
5492549
5607868
5618923
5636868
5903033
5974448
6061360
6129259
6147876
6184617
6260056
6312718
6769877
6964266
7250349
7756409
7813822
7973619
8018355
8028700
8101585
8205113
8388686
8452775
8494253
8635342
8665988
8713948
8751992
8818431
9001143
9042354
9144971
11164735
12653894
12732839
12817606
12820691
13051450
13074045
13098357
13215950
13268176
13339399
13366420
13409573
13414581
13739742
13795084
13904330
14109979
14315470
14325570
14401144
14439356
14614214
14627870
14800234
14806363
14844118
14861338
15235998
15389015
15531084
15695132
15890401
15946604
16107086
16490115
16497083
16793238
16900501
16966654
17347396
17354251
17355765
17507001
17751072
17931230
17933627
17976230
18042552
18062664
18085538
18088325
18109559
18158260
18163924
18320419
18326389
18371232
18396622
18508749
18559991
18640193
18658876
18795089
18934346
19018560
19601360
19692809
20327137
20434595
20452860
20663369
20807122
20867199
20871104
20950954
21165986
21287770
21385590
21389649
21430778
21485426
21658779
21737706
21749154
22028353
22127835
22324301
22378842
22410431
22517477
22659697
22659920
22822878
22877611
23116912
23130726
23263970
23340072
23429431
23549717
23745614
23800994
23904745
23905885
24109109
24142563
24233946
24371758
24411581
24473697
24683690
24716658
25199455
25386436
25652394
26004312
26051062
26136262
26271040
26485749
26495054
26776041
27717297
28042803
28699359
28842194
29240137
29404935
29551048
29747325
30373947
30486224
30619795
30868474
30928548
31550652
31598210
31605831
31622554
31696711
31991955
32014031
32032598
32199410
32360370
32488726
32504283
32624097
32650857
32656471
32676210
32910098
32975028
33047417
33140129
33162600
33181764
33243719
33303708
33504930
33974677
34362155
34385088
34570317
35137974
35531144
35576764
35893087
36175743
36218160
36283201
36621836
36658266
36887040
36945675
37268034
37277122
37328330
37475407
37491297
37495554
37502220
37635550
37665238
37805978
38599035
38600424
38842703
38869266
38935192
39171883
39317009
39415699
39511401
39845327
39909478
40060259
40259936
40351281
40508831
40536484
40569087
40752094
40761356
40764931
40829777
41289049
42459798
42817032
42868859
43078522
43100133
43764156
43988026
