4568886
4602234
4750401
4825916
5027587
5130767
5457875
5607868
5618923
5636868
5816831
5882851
5903033
5938724
5974448
6061360
6129259
6147876
6184617
6260056
6312718
6489443
6536045
6853072
6913737
6970750
7250349
7384586
7463160
7531609
7613884
7756409
7929162
7973619
8018355
8028700
8101585
8205113
8364844
8388686
8494253
8599411
8635342
8650472
8665988
8713948
8751992
8818431
9042354
9184511
9185444
11164735
12405822
12571918
12653894
12732839
12759285
12817606
12820691
12997170
13051450
13074045
13088135
13098357
13215950
13268176
13339399
13366420
13414581
13651155
13739742
13904330
13999787
14109979
14120245
14151221
14315470
14325570
14401144
14470781
14496215
14627870
14800234
14806363
14861338
15235998
15389015
15531084
15556591
15590727
15634512
15695132
15911952
15938363
15946604
16056412
16107086
16490115
16497083
16793238
16900501
16966654
17347396
17354251
17355765
17507001
17751072
17770609
17931230
17933627
17976230
18062664
18085538
18088325
18109559
18158260
18163924
18320419
18326389
18371232
18396622
18475605
18508749
18531406
18559991
18631745
18640193
18658876
18692934
18795089
18934346
19018560
19329590
19692809
19724649
19926367
20434595
20452860
20663369
20823559
20950954
21165986
21287770
21385590
21389649
21430778
21485426
21658779
21737706
21749154
21857262
22028353
22127835
22324301
22378842
22410431
22581060
22659697
22659920
22792656
22877611
23116912
23263970
23340072
23429431
23549717
23745614
23800994
23905885
24012099
24109109
24142563
24233946
24276716
24371758
24411581
24473697
24716658
25386436
25425530
26051062
26136262
26214051
26237139
26495054
26557967
26616831
27300920
27717297
28007322
28042803
28360064
28469736
28699359
28842194
29117304
29240137
29404935
29551048
29561965
29747325
30373947
30378301
30436210
30486224
30492049
30619795
30692002
30779932
30868474
30928548
31225956
31475722
31598210
31605831
31696711
31991955
32014031
32032598
32199410
32424345
32488726
32504283
32624097
32650857
32656471
32676210
32910098
32927647
32927901
32975028
33047417
33126507
33140129
33162600
33181764
33243719
33303708
33503944
33504930
33974677
34096275
34385088
34570317
35137974
35531144
35576764
35582962
35893087
36175743
36218160
36658266
36758263
36887040
36945675
37204608
37268034
37328330
37475407
37491297
37495554
37502220
37510125
37635550
37665238
37792054
37805978
38230193
38302815
38599035
38600424
38842703
38869266
38935192
39171883
39317009
39511401
39845327
39909478
40060259
40224784
40259936
40351281
40508831
40536484
40752094
40756188
40760916
40761356
40764931
40829777
40854655
41289049
41505951
42459798
42817032
42868859
43078522
43100133
43764156
43988026
